# Created by Octave 3.8.2, Wed Nov 11 17:17:35 2015 EST <arkye@arkye-rog>
# name: arc_length_approximated
# type: scalar
6.283185307179586


