# Created by Octave 3.8.2, Wed Nov 11 17:17:23 2015 EST <arkye@arkye-rog>
# name: approximation
# type: scalar
0.1052698143206541


# name: volume_approximated
# type: scalar
0.3307148753145285


