# Created by Octave 3.8.2, Wed Nov 11 17:17:28 2015 EST <arkye@arkye-rog>
# name: approximation
# type: scalar
3.65149627230973


# name: surface_area_approximated
# type: scalar
22.94302772739752


